880410217
619702545
995235766
372105630
537800317
642063265
179718971
285064657
704423971
531754664
880595419
636067942
298010906
552737265
422723022
782007509
830113268
671021448
808608885
817850870
663131489
608415356
737972340
665095735
961658478
421255905
312684758
844168361
458771628
790541861
603484201
352840752
534340436
698060532
763196610
623362849
759270741
369399263
887552784
837417924
826518626
988381677
719298079
567666264
546320019
816311288
372493760
363090367
235520974
466545983
418737067
381014450
606941567
318078068
793326557
435533684
478448624
322821230
649931703
503088843
632351
553985705
505945899
475737912
659015685
509377463
640932212
586144976
450504902
517924351
538664936
451844335
476431700
577316330
575852512
518685676
599300406
529334470
564329805
566480905
537426526
716796176
782816070
666406565
415476176
710449822
798648700
620519351
522084712
613075096
496087279
613444547
432788872
566957118
773662605
546142988
557725303
679289577
625406806
680592996
540447606
623749160
770881492
655234604
611827673
677287038
535219523
840573926
464774125
871170532
861158122
746638989
789042213
462634478
524720354
893828650
874328904
697593461
892241123
809820619
583807506
677210484
829362425
815145842
516894711
460292668
916578316
847096011
498598158
836062666
434654350
144718174
681353820
372979088
753895845
136787857
738524561
529417331
479176945
748961015
973203897
578076649
656452956
579947062
232187804
505577739
432720173
302203935
539918320
693327589
599292175
876176683
429710530
394908230
401617805
809448910
492284618
978426016
681471303
425055935
675773302
681369952
899652122
884528215
383255583
620619228
963912779
601660841
867746511
710267699
672107964
758824214
638381560
277289625
326065722
953964453
280382704
864179107
134085962
542070737
239415988
532988229
174165366
453324091
698080359
647601389
436074508
833253265
371099804
469449871
968973285
789671938
503443106
485439101
670119245
640232854
579546093
382066858
384456312
526084253
934636356
461464975
789618090
723286398
242735300
760630875
912971061
793464549
630910999
687203245
784383997
627898758
848186441
625069579
725374547
921603725
579068206
389462024
454863397
531586122
451233942
505025669
621537215
791425102
538650889
245065327
718426099
717825462
605831408
586666024
751565369
347206617
529690750
698279231
482879997
505656645
886909351
877604156
850564972
509795880
440478518
342802104
377304905
395358836
585849666
597224095
435600486
823328597
473879348
386161617
577976516
870342739
271036131
949310903
408637089
490733082
788863470
722538626
682474340
818538628
509062847
452831924
808088468
619586158
687915639
675512952
530963645
825264123
676337011
848615405
880427945
742385538
605262283
439307795
879764813
428004870
623043946
647598125
354418203
342820593
824296617
498656058
670603026
388156920
989639372
867815086
420638073
239191610
906804338
208293528
800808562
491738791
605771014
516328413
474704664
139777921
542789394
349441734
433453241
561890497
211850907
368456003
466180004
561086814
311822702
733306670
356721326
245372435
481817360
641684259
665652600
974080970
668580222
362054255
487230848
348935283
833607757
737312308
709119337
478980570
320246007
476020962
407315405
537922080
569705926
336306495
267650190
465964308
477775659
87570937
853252399
677600105
662202358
893313282
825503578
548439728
465520986
525483385
967561416
769927216
254096402
593760642
247329355
531786175
660633201
688919753
708497386
863651102
635001979
546258354
624458824
867573759
554120960
414260611
415855045
723489381
517229350
187731481
811066689
469289905
411404558
655243598
678624915
967744360
626621936
706972564
695832056
874741111
868927272
465502215
494841321
403421772
583832146
415225024
617770770
464425375
720559725
688780880
629527866
848817107
851476539
369998320
823290154
918174568
562371743
807362995
665641414
486547990
346907198
795080097
570569901
958346575
711057984
732072161
665235550
890444568
608894386
543350487
381144323
546759946
795002872
910345816
717389352
717389352
577511219
577511219
757862925
753347280
405306990
923666110
863068004
366240167
66899929
345806829
877827710
705541684
618983889
578600439
935696271
219247964
402279973
747138035
494856145
70509869
528754056
455138155
756902383
623072182
426826407
880590999
725537998
856993799
651376145
901197570
849315110
646479251
474807862
887926226
684784747
438450037
596801210
535787464
892982872
383011488
860272726
628916100
488816868
384202416
579352356
221101732
803824077
899504120
850657642
752517473
894709095
541854738
520833888
690580044
102110906
815943528
359324293
467894118
421581736
736399697
803941192
365346322
876153160
850756537
361271928
812241778
596320260
882724482
775371653
499402664
792280073
470257819
626008997
390005340
408183814
896693170
701477682
431078005
514385272
191365537
338943478
288124923
827613140
476640408
476640408
906747501
753519747
753519747
916091373
916091373
739324927
212703768
441907900
529534239
135558982
713088010
525693260
580477589
812318783
968159777
827792574
594016554
594016554
344715940
493088008
756783594
478168800
478168800
913637387
705950044
823194351
728815090
728815090
929780090
741597782
560575266
560575266
964517608
707581348
721586531
732129519
807433918
704431533
935851476
919257958
919257958
827693526
970387841
274309731
808752609
699190408
922643229
966245378
400117243
652084874
691785006
515873985
699064732
156489752
900341340
835590368
839066969
633363700
660587196
781746438
660587196
881827799
569895039
761023910
790704236
755937029
463209887
773407679
624926598
306417871
686913969
514996882
558384592
756507824
566870510
657379269
655760988
451117693
752201639
517532885
427249292
806566420
621929223
734610149
691157168
928550772
606831266
474935697
237395062
953267975
821217501
690291395
769602924
38769360
975138876
851742336
830161673
960810663
578978991
799946033
811984595
829733812
460242006
630004652
277118160
732282988
697021278
622814517
510167094
743551093
462207525
736167606
401993819
461292655
326960745
872670442
721339834
629822480
778357537
630090768
507944478
268852988
360576781
939659004
835933874
393027336
285908149
469575866
469575866
465721092
465721092
721530057
958097349
308164391
82785344
238045125
848270148
809693439
594113834
461291589
543822309
69347551
638604313
605187938
664069852
541863617
629814435
522801121
798238332
650816085
807962094
519113282
767297021
767297021
672217226
658849322
962034359
600777639
465764575
770536017
775768085
374562872
695378099
471266475
700403665
593692379
787126493
796143089
862255582
706403817
368686035
602248819
764967073
761682762
465272465
141561252
790008149
640003196
798674480
533498568
885135200
407176541
489201654
444946839
834599392
918517688
639805742
700526393
779545556
789281485
528915829
710987012
626641482
874514569
483186547
279664734
440145919
790765316
665134138
536284724
615945082
271832216
502389021
837547383
714258720
882630326
333548528
805920112
361802673
650027946
762517754
620374536
492209056
957024415
734613855
896120935
729516422
819699090
860251472
819482163
611811217
701398629
628482057
845166032
869180115
848670172
669803267
442713112
861977637
384234419
655218953
534624925
926994072
614195111
462260299
829220949
728714985
402349610
825850595
751334808
342115558
430151396
865485842
939388176
594910793
527730207
412727640
458918480
877160046
609308554
876658871
925622594
623127656
883963997
893425274
713928052
986433469
737296178
655666825
875796953
416329908
397626082
458317278
838607157
653190081
914076808
701372556
986942032
473698623
802677504
326035267
311641189
844972086
413987224
952656849
460032490
700798637
436290019
838527592
387166024
454373265
731390732
968343772
925078064
735408545
886264711
488916210
699697826
478755803
935569844
391611900
871805684
907094722
416749949
589761222
929749119
200411287
890280366
737328944
619811204
761025766
754106934
866026290
869915077
840624631
438094694
358597621
489885156
575630971
509894040
726725843
331783873
761047857
784815218
644446916
729522435
612876953
552574426
764871896
853237505
706331718
832459419
951408476
830203408
351488425
671807438
534364703
368867987
368867987
671715177
555703661
183470701
793502405
890253559
394849314
201197114
636223606
215862394
718072248
755907083
547128816
670686060
621255474
880027509
880027509
468542653
957073032
476276247
686927732
763017929
858550935
864611242
875676610
875676610
880343505
880343505
686271536
495163608
633111777
804243241
804243241
823472146
823472146
753471378
753471378
907433114
907433114
643039809
434791099
441494285
441494285
391912057
391912057
721257555
721257555
837586302
769925829
529537132
647615961
421926760
333095772
835789965
900601001
760286973
788858207
788858207
677226878
614048231
196896408
769451899
512217244
730028603
804873293
746692012
746692012
330863386
702165229
449504808
708298716
678287313
731201444
338784056
773921349
855892165
869367668
552212005
950982595
692544413
593229571
852618095
516898545
802159184
579524653
458132506
894360403
471448132
871665996
698442537
811134418
906113328
855998819
359410224
931732914
753315379
961145522
714644134
637851410
501070992
655820780
635324602
765217766
323948889
809700803
760370236
585659041
726199704
395472848
875533012
584608550
715136442
649088853
881094643
755131552
755131552
720750520
304512738
986700269
429817716
545632445
630056876
839462654
797019066
713703962
686446999
737479063
712457405
792302206
745822666
745822666
799630238
637934942
738758926
516899820
860931287
942626234
882060943
791185873
861139664
539539718
640014740
802489157
848286593
493806878
493806878
500574524
381175303
537063086
630499502
429149444
517259836
470380326
771954034
822461872
770363791
889719981
669134948
495832433
661236433
803169728
382991632
382991632
750136488
792248115
961776149
758137935
364564076
555321517
555321517
940337383
692113563
735465431
760555995
926043146
926043146
435995152
435995152
724681027
754905891
725542041
553216925
286931452
652741158
769291273
923130941
758636505
677203458
629620921
739944283
919412856
743653539
545613390
785051723
427239242
614060847
680332778
426045252
337401255
927550079
583676263
873896236
890609784
796698368
972818405
857654043
404873326
765805541
701194170
591662591
227160875
879418211
832912294
727919044
718659179
886886151
777287766
611469168
814285875
524126501
476890730
468476053
770993109
615750637
926321649
765120619
556048526
723094675
625728260
876623091
527859345
475750081
607338312
646758919
974447907
802322325
509303349
853430263
322114488
818913132
391271802
730374569
534518975
717568124
902887947
376074922
955099339
926356775
686695805
669647440
933887073
578203003
346388164
509624766
903372293
645181309
832412164
763423974
669306507
965637245
965637245
857611158
767727282
428647168
942982228
406995365
517403489
953158823
633430202
493628294
921024788
807227504
415543341
676510711
694632506
788917508
556907527
99196641
556516892
737682832
273968518
447602273
440393537
768034234
792989560
650779169
688710184
977348273
954054317
650129068
892084516
356819591
962349623
771498411
550405596
801393164
720599912
416977614
761460788
331198901
583321900
921369215
409142927
695445830
981216324
359474285
566551241
930046464
491694267
827982892
783143259
875475481
752319271
741245780
833916968
401661371
517649028
764070033
438068603
864478969
539929488
386706257
809964178
207527654
207527654
700439026
660231135
792428179
669082661
431737186
654596256
274349807
989186828
392971108
644437769
895017862
705599405
968542278
851153522
776018206
908506518
938719695
550402279
530787834
691888030
957939769
624664931
645793775
573677790
557729643
860663015
738664713
607872023
865727192
665089522
629710137
945320995
647460592
719908528
613522701
957521601
765707769
408048518
726768775
484901087
805259712
727777887
791323062
574506032
469292922
399894288
486133628
719354769
836208371
571426679
779262983
984473669
932173827
784793581
913148011
724132316
675573718
381503043
637218296
557653945
825924970
914541575
752016414
675228700
751182368
641681876
823356869
875148850
649519618
613393476
714958302
857418462
657199934
649539090
871771507
952178683
474413020
848951603
625967262
633980378
880605524
684452302
969229760
769844387
291636884
489320255
428090002
731320492
447858982
967396481
478962196
901337207
449614828
912204130
592889121
401135597
707385588
944159917
463355838
869460197
960164951
517673812
876503341
725311502
647372516
786651786
545971274
818509526
639804360
671146177
343027080
869792741
767199884
965574116
728432930
745985954
511331141
594803034
544209353
535737419
372551767
676513644
487890654
619513697
831504368
924076990
904457936
801429945
921151433
602457496
715031126
989669230
715377782
730697265
702798550
704811723
851387810
836369130
874997796
745686512
840440023
769428794
139606503
910069199
341587598
458836087
588301840
919183559
678879052
816965039
642082293
441301915
195300647
238591534
551176050
852520865
635059263
864997821
889011867
922865121
744215531
350340979
640131009
463386042
499033429
532582187
726886392
681780975
608818848
247360447
725243178
788655826
710643431
837936279
427543146
886832292
714489262
744076535
378939499
802758038
579119271
457163338
384382115
500718612
542742707
301000483
223266657
557279388
757245007
724623396
984301137
693140193
833736185
771966656
969935206
771247421
563296284
807913467
554292241
671672165
440631883
724719832
876854969
762283963
708386747
771957125
894608252
374709661
792552489
892517885
678211927
735580352
838718834
664495656
920966270
392282404
342481855
247511824
700228653
579672247
889969468
649188319
572733899
809643186
908344958
825540562
867393012
852216573
892720723
881651336
877598773
859232011
820756386
505648683
977748451
530482075
735096102
891136710
137536329
620997215
566145296
703542731
481582035
837522813
725983306
596632669
507059911
773581934
757982443
790152638
882566079
467657225
669624940
887232747
883585110
886019170
973353050
472748580
733275773
941773459
594596059
455243517
680399039
561653406
230216124
441245860
657957551
792106510
726549482
705469821
374431384
254650622
708654303
538122104
658716300
577820687
770716024
702718220
825229953
784474571
512096184
848630979
877478323
727118404
760897975
766771595
494242058
808254533
938015187
842867636
664589467
634464018
903884845
897298366
460082620
959348607
828060631
483389391
683042065
523598789
590522758
479273328
401764780
595048682
634877631
644977178
385817116
381096269
565590761
495708310
826358246
449212410
857225647
758140129
556968229
803305914
606974120
732653119
890677519
830993309
383260020
717371051
570980450
504869899
796755045
776178584
756532662
978136753
752979571
515389774
610869436
476365879
711808109
391740709
510033041
952755301
431540030
878733773
501162183
552827504
332966921
300706068
812276118
289666650
230331288
482326915
455669084
565913359
498394073
930046706
884944453
628799567
535429681
407149998
613109743
382861379
542267687
428868371
858179784
886980859
940518408
699157115
229257626
708389441
442414482
412683277
633410173
689497991
343840787
631749929
971295640
693953174
855328066
673333208
754489122
574519747
772134453
918702497
443226465
565365997
799649869
363922213
818603803
702173411
627724706
913580031
892790358
844634029
700405797
907313524
644118469
862639875
680811168
761579568
868639095
868639095
924600596
904704118
816344335
951699278
827399426
950691980
898240818
685839561
646039531
507833466
666774463
319793977
753244058
638976787
789123885
844737177
741405762
779117226
755412161
575029348
118264283
615314976
701646981
512222209
145998400
940744437
799882818
958099940
773665525
244833009
717485222
775932514
975500914
769644846
851085169
464695850
756701881
385453142
649280547
885124908
630573233
522960004
815243422
942974871
964201888
780194597
281165874
673427603
608448740
563123725
437711689
886338338
741703595
727864396
483939595
958092009
780207098
470948943
735069218
817274681
787060964
347277589
250764061
839103061
569508956
924377828
922905381
812357166
670169355
850401046
462554375
874931464
410578456
652240401
750317552
497038655
943383284
467879734
794208422
663874973
455852526
692393822
762530304
47411140
65040400
443970710
706821285
301276260
420835354
682488192
586530066
970098311
652449503
455777536
833112875
768920917
283360854
615493553
721729723
911551274
952122987
787895858
545947495
948602703
730937819
667539905
719162542
241244277
842002067
253988891
551274926
820428675
460888304
849383368
840443735
587211218
817149754
405281897
347226357
793874309
382342106
395384723
634449919
652008453
868617195
641989860
545834100
589271918
535335896
831653969
267221079
797837100
461874530
363756771
590581107
832785702
660246844
693035288
770237523
975286225
942293086
897893735
869296471
519086729
563736650
687094356
687094356
571828996
735609912
966440101
974536667
708307838
825456869
495679649
941774334
664925195
640824079
539145173
595128429
811983317
983234093
875642950
704044706
873382505
502612682
562695004
476092580
919322709
958082126
687588686
912504300
828199033
697165066
987048377
814183551
771175266
770561830
989206843
731210532
810660591
769804511
460728413
476279765
520628982
296278284
131427586
821519938
714017165
709938601
356630369
415370291
828053410
981338047
804220695
482643391
282546361
943548114
829719385
354646861
949299581
120246754
859509560
850752704
946575019
710347160

702071005
715492290
799727735
850882913
1055152379
244573137
945158763
644720967
754127904
486751228
453393485
380461606
557751463
579474439
831144119
440679748
847855507
754514589
854422903
758775589
787445826
663710619
797665614
540735006
853199052
575936537
860823227
766583312
488651582
652528809
904787067
922189310
650771507
587036345
958703590
877189535
472376510
